> Molecule:Li2S
 >> Number of layers:1
 >> Optimizer:SLSQP, Maxiter:500, Seed :10
 >> TerminationChecker:[15, 1e-07, [-383.53130592797146]]
......

 >> Bond length:0.40
 >> Results:
      >>> Energy:-382.4693944857611
      >>> Last parameters: [ 0.6500005  -4.71221849  1.57119852  1.56101998  1.55126894 -1.56310948
 -6.21529178  1.58021362 -1.5726192  -1.56941954  1.57180418  4.71310424
 -3.09371896 -1.56459251  1.5726819   1.56356419  1.57174928 -1.5745494
  4.71143096  0.64936519  1.56946884  3.00733647 -1.53552243  1.60822932
 -1.56137362 -1.57989641  1.55411108 -1.58661875  1.6368471   1.5711265
  0.73119044 -0.69512697  1.52354507 -1.61237221 -1.46674701  1.67023963
 -1.59681098  1.54798313]

 >> Bond length:0.80
 >> Results:
      >>> Energy:-403.88907742262586
      >>> Last parameters: [ 6.35764772e-01 -4.71231962e+00  1.57066453e+00  3.09299610e+00
  2.01633978e-03 -1.57093598e+00 -4.71182569e+00  1.57071550e+00
 -1.55495265e+00 -1.57631301e+00  1.59008171e+00  4.71251790e+00
 -1.57088719e+00 -1.58366609e+00  1.55285292e+00  1.57010471e+00
  1.51302155e+00 -1.53987310e+00  4.73403842e+00  6.34886655e-01
  1.57020185e+00  3.09121364e+00 -3.58156533e-02  3.14131506e+00
 -1.57096252e+00 -1.56403955e+00  1.57756039e+00 -1.56307669e+00
  1.71424758e+00  1.56912406e+00  1.57041279e+00 -1.57050640e+00
  1.64638386e+00 -1.64284988e+00 -1.57956816e+00  1.58516918e+00
 -1.55628733e+00  1.56470354e+00]

 >> Bond length:0.70
 >> Results:
      >>> Energy:-401.93019200699894
      >>> Last parameters: [ 0.64822365 -4.71233949  1.57092231  1.56465684  1.55525699 -1.56034613
 -6.26980105  1.58018128 -1.57008641 -1.56839586  1.57192667  4.71220398
 -3.0970008  -1.56530972  1.57179645  1.56588114  1.57153711 -1.57385783
  4.7111507   0.64766507  1.56932103  3.09626052 -1.48422709  1.65264712
 -1.32236594 -1.82021651  1.55639917 -1.58660066  1.653683    1.58697822
  0.69274442 -0.65648678  1.50934993 -1.62820385 -1.52152784  1.62101018
 -1.60376867  1.53813358]

 >> Bond length:1.00
 >> Results:
      >>> Energy:-404.97101345937125
      >>> Last parameters: [ 4.89046788e-01 -4.71310919e+00  1.55946608e+00  1.60702485e+00
  1.57808119e+00 -1.57773079e+00 -5.69120154e+00  1.56648958e+00
 -1.55291223e+00 -1.56086067e+00  2.31423804e+00  4.71435691e+00
 -4.70480085e+00 -1.58388109e+00  1.56412480e+00  1.57552341e+00
  1.56241995e+00 -1.57363827e+00  4.71756949e+00  4.90627320e-01
 -2.74616831e-01  1.56427520e+00 -1.56860084e+00  1.87953238e+00
 -1.57276943e+00 -1.57028325e+00  1.55243218e+00 -1.58314545e+00
  1.78281982e-03  8.33911616e-01  1.40104223e+00  1.51795064e+00
  1.40342812e+00 -1.72175286e+00 -1.66801426e+00  1.49378223e+00
 -1.44665701e+00  1.66681667e+00]

 >> Bond length:1.30
 >> Results:
      >>> Energy:-407.2669598892143
      >>> Last parameters: [-2.81130441e-04 -4.21774345e+00  1.56959698e+00  1.57514262e+00
  1.56979172e+00 -1.57500010e+00 -7.85413345e+00  1.57147795e+00
 -1.56535688e+00 -1.57080266e+00  1.57632154e+00  4.71225164e+00
 -4.68593952e+00 -1.57073679e+00  1.54425941e+00  1.55874399e+00
  1.55677338e+00 -1.58585876e+00  4.72646244e+00 -6.43628038e-04
  1.07588077e+00  1.57240123e+00 -1.62533798e+00  1.61781344e+00
 -1.76625032e+00 -1.57072468e+00  1.57160596e+00 -1.57073222e+00
  1.57152105e+00  1.57081443e+00  1.81485448e+00  1.56737796e+00
  1.81398456e+00 -1.57450997e+00 -1.65137967e+00  1.61308088e+00
 -1.38838398e+00  1.56962651e+00]

 >> Bond length:1.60
 >> Results:
      >>> Energy:-407.3084019058036
      >>> Last parameters: [ 2.31494454e-03 -4.22073093e+00  1.56945366e+00  1.57646749e+00
  1.57283203e+00 -1.57093726e+00 -7.85401573e+00  1.57002492e+00
 -1.56607170e+00 -1.57045643e+00  1.57465082e+00  4.71722157e+00
 -4.69383387e+00 -1.57077293e+00  1.57183198e+00  1.57810895e+00
  1.56977586e+00 -1.57067678e+00  4.73415731e+00  2.16349755e-04
  1.07913502e+00  1.57012734e+00 -1.49608692e+00  1.51604727e+00
 -1.56939372e+00 -1.56908908e+00  1.51786904e+00 -1.59096287e+00
  1.53644530e+00  1.55097021e+00  2.05191959e+00  1.56572921e+00
  4.71379787e+00 -1.57021105e+00 -1.74270747e+00  1.66723256e+00
 -1.56890331e+00  1.52538951e+00]

 >> Bond length:1.90
 >> Results:
      >>> Energy:-407.4770070792933
      >>> Last parameters: [ 9.43250756e-04 -4.22072068e+00  1.56941472e+00  1.57306386e+00
  1.57268946e+00 -1.57090871e+00 -7.85403868e+00  1.57009693e+00
 -1.56778169e+00 -1.57061959e+00  1.57300139e+00  4.71637674e+00
 -4.69832625e+00 -1.57045635e+00  1.57175100e+00  1.57905698e+00
  1.57021104e+00 -1.57073991e+00  4.74153172e+00 -2.26425844e-03
  1.07900595e+00  1.56958726e+00 -1.49892663e+00  1.52215807e+00
 -1.56965998e+00 -1.56907082e+00  1.52465799e+00 -1.58631007e+00
  1.54559611e+00  1.55647740e+00  2.12181664e+00  1.56614749e+00
  4.71357434e+00 -1.57029174e+00 -1.77151863e+00  1.66621407e+00
 -1.56894513e+00  1.51617935e+00]

 >> Bond length:2.20
 >> Results:
      >>> Energy:-407.5189816170083
      >>> Last parameters: [ 2.13671493e-04 -4.22075701e+00  1.56939695e+00  1.57094917e+00
  1.57255601e+00 -1.57090187e+00 -7.85399614e+00  1.57021140e+00
 -1.56899246e+00 -1.57071410e+00  1.57192127e+00  4.71517617e+00
 -4.70231799e+00 -1.57075880e+00  1.57165258e+00  1.57846453e+00
  1.57357187e+00 -1.57075814e+00  4.75017963e+00 -3.51461871e-03
  1.07899509e+00  1.56928517e+00 -1.49870103e+00  1.52432852e+00
 -1.57080819e+00 -1.56901858e+00  1.53379483e+00 -1.58152519e+00
  1.55402638e+00  1.56160574e+00  2.16911074e+00  1.56689727e+00
  4.71320972e+00 -1.57018042e+00 -1.78972849e+00  1.66808569e+00
 -1.56871482e+00  1.50730729e+00]

 >> Bond length:2.50
 >> Results:
      >>> Energy:-407.51341841027977
      >>> Last parameters: [-8.64788683e-05 -4.22072176e+00  1.56948097e+00  1.56920622e+00
  1.57259658e+00 -1.57079525e+00 -7.85394758e+00  1.57032155e+00
 -1.56983124e+00 -1.57079578e+00  1.57134648e+00  4.71416173e+00
 -4.70542352e+00 -1.57090563e+00  1.57144327e+00  1.57730026e+00
  1.57764010e+00 -1.57065065e+00  4.76083222e+00 -4.51128147e-03
  1.07901087e+00  1.56920071e+00 -1.49573835e+00  1.52345169e+00
 -1.57219269e+00 -1.56880465e+00  1.54307489e+00 -1.57768557e+00
  1.56054967e+00  1.56535693e+00  2.18459101e+00  1.56790781e+00
  4.71305092e+00 -1.57020326e+00 -1.79037407e+00  1.66979490e+00
 -1.56837233e+00  1.49874634e+00]


 >> Bond length:2.80
 >> Results:
      >>> Energy:-407.48911410552427
      >>> Last parameters: [-4.37358317e-04 -4.22077569e+00  1.56976701e+00  1.56739798e+00
  1.57337500e+00 -1.57072038e+00 -7.85389380e+00  1.57045641e+00
 -1.57027282e+00 -1.57077996e+00  1.57108104e+00  4.71328860e+00
 -4.70777267e+00 -1.57053682e+00  1.57115200e+00  1.57592957e+00
  1.57944345e+00 -1.57061879e+00  4.77382159e+00 -5.32205309e-03
  1.07897166e+00  1.56929988e+00 -1.48796309e+00  1.51848586e+00
 -1.57443762e+00 -1.56827802e+00  1.55209779e+00 -1.57486663e+00
  1.56530562e+00  1.56796838e+00  2.14669506e+00  1.56891718e+00
  4.71276188e+00 -1.57037447e+00 -1.77270709e+00  1.66507722e+00
 -1.56802087e+00  1.49315853e+00]

 >> Bond length:3.10
 >> Results:
      >>> Energy:-407.45813474314144
      >>> Last parameters: [-8.06337031e-04 -4.22075731e+00  1.57022152e+00  1.56464771e+00
  1.57546598e+00 -1.57049555e+00 -7.85362229e+00  1.57063306e+00
 -1.57055748e+00 -1.57071849e+00  1.57083789e+00  4.71262379e+00
 -4.70988475e+00 -1.57081447e+00  1.57089970e+00  1.57430070e+00
  1.57683371e+00 -1.57057107e+00  4.79205940e+00 -5.08957274e-03
  1.07901070e+00  1.56949625e+00 -1.47168942e+00  1.50816112e+00
 -1.57834079e+00 -1.56757421e+00  1.56141273e+00 -1.57279762e+00
  1.56871484e+00  1.56962095e+00  1.99442192e+00  1.57018037e+00
  4.71263724e+00 -1.57052008e+00 -1.73269581e+00  1.64370608e+00
 -1.56657127e+00  1.49578331e+00]

 >> Bond length:3.40
 >> Results:
      >>> Energy:-407.5673492565211
      >>> Last parameters: [-6.75944159e-05 -4.11823426e+00  1.57255004e+00  1.53394292e+00
  1.56883005e+00 -1.59156079e+00 -7.85456991e+00  1.57128184e+00
 -1.57129958e+00 -1.57072701e+00  1.57041419e+00  4.71094669e+00
 -4.70838215e+00 -1.57075413e+00  1.56671097e+00  1.56502504e+00
  1.56421436e+00 -1.52425187e+00  4.81771468e+00 -4.40669709e-04
  9.76305879e-01  1.57368221e+00 -1.57556694e+00  1.62184352e+00
 -2.01825600e+00 -1.56900838e+00  1.57003955e+00 -1.57082606e+00
  1.56984136e+00  1.57075447e+00  1.52707245e+00  1.57086641e+00
  7.80991622e+00 -1.57064574e+00 -1.54233946e+00  1.55767719e+00
 -1.50556422e+00  1.57630055e+00]

