> Molecule:LiSH
 >> Number of layers:1
 >> Optimizer:SLSQP, Maxiter:500, Seed :10
 >> TerminationChecker:[15, 1e-07, [-398.473047142752]]
......

 >> Bond length:0.70
 >> Results:
      >>> Energy:-398.1956865101716
      >>> Last parameters: [ 1.61071846e-04 -6.28329497e+00  1.12454945e-04  1.90736795e+00
  1.57110698e+00 -1.57075647e+00 -1.52796158e+00  1.57080286e+00
 -1.57071827e+00 -4.70075687e+00  1.58321348e+00  1.57020102e+00
 -1.55049060e+00 -1.57169864e+00  1.50944549e+00 -5.16873980e-04
  3.14244947e+00 -4.12858805e-04  4.38551356e+00  1.57161211e+00
 -1.54965562e+00 -4.67496819e+00 -1.57155989e+00  1.57660679e+00
 -1.52559434e+00 -1.57118207e+00  1.58740266e+00 -1.56821374e+00
  1.60858829e+00 -1.58585306e+00]

 >> Bond length:1.00
 >> Results:
      >>> Energy:-399.8884903912609
      >>> Last parameters: [-2.37535765e-05 -6.28342956e+00 -1.45208810e-04  1.92431226e+00
  1.57161214e+00 -1.56987889e+00 -1.53416034e+00  1.57081701e+00
 -1.57074751e+00 -4.70648555e+00  1.58459843e+00  1.58360618e+00
 -1.53661876e+00 -1.53587605e+00  1.51874453e+00 -1.17855086e-03
  3.14289473e+00 -5.99411604e-04  4.40240710e+00  1.56993388e+00
 -1.53709681e+00 -4.66953249e+00 -1.57146269e+00  1.56894763e+00
 -1.42820730e+00 -1.57174149e+00  1.56409383e+00 -1.54456207e+00
  1.55944118e+00 -1.60443906e+00]

 >> Bond length:1.30
 >> Results:
      >>> Energy:-400.58113870245865
      >>> Last parameters: [ 1.88819545e-05 -6.28325117e+00 -4.40626109e-05  1.94711594e+00
  1.57208424e+00 -1.57083698e+00 -1.56779329e+00  1.57078704e+00
 -1.57074365e+00 -4.70498184e+00  1.58705104e+00  1.58548052e+00
 -1.54962257e+00 -1.54268780e+00  1.51557718e+00 -2.03883216e-03
  3.14463661e+00 -4.63975308e-04  4.42525721e+00  1.57111482e+00
 -1.60575292e+00 -4.68313815e+00 -1.57176169e+00  1.55299909e+00
 -1.18883223e+00 -1.57417945e+00  1.51194313e+00 -1.48681541e+00
  1.55897332e+00 -1.64169131e+00]

 >> Bond length:1.60
 >> Results:
      >>> Energy:-400.5297219047854
      >>> Last parameters: [ 1.35674118e-05 -6.28323973e+00 -1.18053779e-04  3.14011090e+00
  3.13465779e+00 -7.04820427e-01 -1.57089187e+00  1.57075675e+00
 -1.57130272e+00 -4.71235982e+00  1.57022347e+00  1.56142627e+00
 -1.56102499e+00 -1.54749821e+00  1.51932204e+00  1.87123858e-03
  3.14074068e+00 -4.57733513e-03  3.30306872e+00  3.14511453e+00
 -2.38747693e+00 -4.75825438e+00 -1.57041250e+00  1.54004374e+00
 -4.71236860e+00 -1.56984535e+00  1.41208778e+00 -1.46606120e+00
  1.65070265e+00 -1.57231879e+00]

 >> Bond length:1.90
 >> Results:
      >>> Energy:-400.6118372222798
      >>> Last parameters: [-2.27022990e-05 -6.28322261e+00 -9.86361497e-06  3.14136210e+00
  3.13887605e+00 -7.11914826e-01 -1.56857599e+00  1.57076290e+00
 -1.57110835e+00 -4.71236869e+00  1.57036129e+00  1.56257820e+00
 -1.56146345e+00 -1.55270201e+00  1.51583284e+00  2.01910329e-03
  3.13918502e+00 -6.40315005e-03  3.32253923e+00  3.14208817e+00
 -2.39443635e+00 -4.74224165e+00 -1.57072315e+00  1.54584260e+00
 -4.71229637e+00 -1.56973173e+00  1.42381273e+00 -1.46205297e+00
  1.67568609e+00 -1.58696336e+00]

 >> Bond length:2.20
 >> Results:
      >>> Energy:-400.61448702877044
      >>> Last parameters: [ 6.10171104e-05 -6.28323355e+00 -2.58691334e-05  3.14144655e+00
  3.14055662e+00 -7.16391273e-01 -1.56726384e+00  1.57078690e+00
 -1.57102466e+00 -4.71238180e+00  1.57047152e+00  1.56517767e+00
 -1.55935615e+00 -1.55917546e+00  1.51374292e+00  2.41265278e-03
  3.13850426e+00 -7.80444224e-03  3.32892534e+00  3.14064275e+00
 -2.39893404e+00 -4.72816879e+00 -1.57110039e+00  1.55198121e+00
 -4.71231045e+00 -1.56996067e+00  1.44507684e+00 -1.47186276e+00
  1.70465074e+00 -1.60892081e+00]

 >> Bond length:2.50
 >> Results:
      >>> Energy:-400.58187867417155
      >>> Last parameters: [-1.72940931e-06 -6.28319859e+00 -4.26964770e-05  3.14149992e+00
  3.14139262e+00 -7.19415273e-01 -1.56533730e+00  1.57079577e+00
 -1.57094740e+00 -4.71236336e+00  1.57063215e+00  1.56752248e+00
 -1.55504973e+00 -1.56329018e+00  1.51457665e+00  3.09842863e-03
  3.13892086e+00 -8.55433473e-03  3.32147667e+00  3.14005421e+00
 -2.40196363e+00 -4.71509715e+00 -1.57134883e+00  1.55727202e+00
 -4.71226327e+00 -1.57014270e+00  1.46538238e+00 -1.48956984e+00
  1.72244194e+00 -1.62471919e+00]

 >> Bond length:2.80
 >> Results:
      >>> Energy:-400.5704443737344
      >>> Last parameters: [ 1.43848692e-04 -6.28367772e+00 -1.45326440e-01  3.20776064e+00
  3.00331615e+00 -1.67961216e+00 -1.56371824e+00  1.57081456e+00
 -1.57089981e+00 -4.71372265e+00  1.57155407e+00  1.57291092e+00
 -1.57135770e+00 -1.57129861e+00  1.50582010e+00 -1.75539937e-03
  3.14261849e+00  3.93784669e-03  3.26796886e+00  3.15131513e+00
 -1.46734676e+00 -4.70987244e+00 -1.57144517e+00  1.56770990e+00
 -1.81896254e+00 -1.57050004e+00  1.61455989e+00  1.56206344e+00
  1.62138809e+00 -1.64147077e+00]

 >> Bond length:3.10
 >> Results:
      >>> Energy:-400.6005077425408
      >>> Last parameters: [ 1.92207586e-04 -6.28348271e+00 -8.42791397e-02  3.20720056e+00
  2.96096190e+00 -1.73068754e+00 -1.55898259e+00  1.57084381e+00
 -1.57087783e+00 -4.71289331e+00  1.57092147e+00  1.57181675e+00
 -1.57137740e+00 -1.57141747e+00  1.50503360e+00 -1.08756013e-03
  3.14283079e+00  1.98050549e-03  3.23926376e+00  3.21108101e+00
 -1.41645198e+00 -4.70993111e+00 -1.57123315e+00  1.56837858e+00
 -1.73593760e+00 -1.57068982e+00  1.60883651e+00  1.56326119e+00
  1.62154222e+00 -1.64179446e+00]

 >> Bond length:3.40
 >> Results:
      >>> Energy:-400.6088543493727
      >>> Last parameters: [-2.54866921e-05 -6.28340189e+00 -5.77417684e-02  3.20573255e+00
  2.93740310e+00 -1.75935747e+00 -1.55288572e+00  1.57089977e+00
 -1.57071860e+00 -4.71265581e+00  1.57059453e+00  1.57121463e+00
 -1.57126809e+00 -1.57130201e+00  1.50526791e+00 -3.34011764e-04
  3.14295572e+00  1.09723819e-03  3.21792480e+00  3.25137869e+00
 -1.38795368e+00 -4.71082018e+00 -1.57095765e+00  1.56879447e+00
 -1.67995818e+00 -1.57059926e+00  1.60249947e+00  1.56474832e+00
  1.62595243e+00 -1.64362064e+00]

